d 0

f[0][0][0] 1
f[1:-2][0][0] 2
f[-2][0][0] 6
f[-1][0][0] 7

f[0][-1][0] 186
f[1:-2][-1][0] 187
f[-2][-1][0] 188
f[-1][-1][0] 189

f[0][1:-2][0] 8
f[0][-2][0] 57

f[-1][1:-2][0] 18
f[-1][-2][0] 70

f[1][1][0] 9
f[1][-2][0] 58
f[-2][1][0] 17
f[-2][-2][0] 69

f[4:-5][4:-5][0] 87

f[2][2][0] 46
f[2][3][0] 96
f[3:-4][2][0] 47
f[3:-4][3][0] 91
f[-4][2][0] 48
f[-4][3][0] 92
f[-3][2][0] 49
f[-3][3][0] 129


f[2][-4][0] 46
f[2][-3][0] 39
f[3:-4][-4][0] 47
f[3:-4][-3][0] 40
f[-4][-4][0] 48
f[-4][-3][0] 41
f[-3][-4][0] 49
f[-3][-3][0] 42


f[2][4][0] 139
f[3][4][0] 140
f[2][-5][0] 155
f[3][-5][0] 156


f[2][5][0] 50
f[3][5][0] 144
f[2][6:-7][0] 15
f[3][6:-7][0] 101
f[2][-7][0] 35
f[3][-7][0] 79
f[2][-6][0] 95
f[3][-6][0] 93


f[-4][4][0] 139
f[-3][4][0] 137
f[-4][5][0] 50
f[-3][5][0] 24
f[-4][6:-7][0] 15
f[-3][6:-7][0] 16
f[-4][-5][0] 157
f[-3][-5][0] 137
f[-4][-6][0] 95
f[-3][-6][0] 129
f[-4][-7][0] 35
f[-3][-7][0] 33


