d 0

f[0][0][0] 3
f[1][0][0] 4

f[0][1][0] 65
f[1][1][0] 66

f[0][2][0] 54
f[1][2][0] 46

f[0][3:-1][0] 95

f[0][-1][0] 146
f[1:-5][-1][0] 147

f[2:-5][0:-1][0] 5
f[1:-5][3:-1][0] 5
f[1:-3][6:-6][0] 5

f[-3][6:-5][0] 61
f[-2][6:-5][0] 62
f[-1][6:-5][0] 75


f[-5][0][0] 12
f[-4][0][0] 13
f[-3][0][0] 14
f[-2][0][0] 15
f[-1][0][0] 16

f[-5][1][0] 25
f[-4][1][0] 26
f[-3][1][0] 27
f[-2][1][0] 28
f[-1][1][0] 29

f[-5][2][0] 36
f[-4][2][0] 37
f[-3][2][0] 38
f[-2][2][0] 39
f[-1][2][0] 40

f[-5][3][0] 47
f[-4][3][0] 48
f[-3][3][0] 49
f[-2][3][0] 102
f[-1][3][0] 75

f[-4][4][0] 36
f[-3][4][0] 37
f[-2][4][0] 102
f[-1][4][0] 75

f[-4][5][0] 47
f[-3][5][0] 48
f[-2][5][0] 49
f[-1][5][0] 75


f[-5][-1][0] 153
f[-4][-1][0] 154
f[-3][-1][0] 155
f[-2][-1][0] 156
f[-1][-1][0] 158

f[-5][-2][0] 61
f[-4][-2][0] 144
f[-3][-2][0] 136
f[-2][-2][0] 140
f[-1][-2][0] 141

f[-5][-3][0] 25
f[-4][-3][0] 138
f[-3][-3][0] 139
f[-2][-3][0] 136
f[-1][-3][0] 137

f[-5][-4][0] 124
f[-4][-4][0] 133
f[-3][-4][0] 134
f[-2][-4][0] 127
f[-1][-4][0] 128

f[-4][-5][0] 124
f[-3][-5][0] 117
f[-2][-5][0] 118
f[-1][-5][0] 51


